A{1}= [1 3]
A{2} = [10 30]